47,,,,
20,400,0,600,0
40,400,0,600,0
60,400,0,600,0
80,400,0,600,0
100,400,0,600,0
120,400,0,601,0
140,400,0,603,0
160,400,0,604,0
180,400,0,606,0
200,400,0,606,0
220,400,0,606,0
240,400,0,605,0
260,400,0,604,0
280,400,0,603,0
300,400,0,601,0
320,400,0,601,0
340,400,0,600,0
360,400,0,600,0
380,400,0,600,0
400,400,0,600,0
420,400,0,601,0
440,400,0,603,0
460,400,0,605,0
480,400,0,607,0
500,400,0,608,0
520,400,0,610,0
540,400,0,612,0
560,400,0,614,0
580,400,0,616,0
600,400,0,618,0
620,400,0,621,0
640,400,0,623,0
660,400,0,626,0
680,400,0,628,0
700,400,0,631,0
720,400,0,633,0
740,400,0,636,0
760,399,0,638,0
780,395,0,641,0
800,391,0,643,0
820,387,0,646,0
840,384,0,648,0
860,386,0,651,0
880,387,0,653,0
900,389,0,656,0
920,390,0,658,0
940,390,0,661,0
960,390,0,663,0
980,391,0,666,0
1000,391,0,668,0
1020,392,0,671,0
1040,392,0,677,0
1060,393,0,684,0
1080,393,0,691,0
1100,393,0,698,0
1120,393,0,705,0
1140,393,0,712,0
1160,393,0,719,0
1180,394,0,721,0
1200,394,0,724,0
1220,395,0,726,0
1240,396,0,728,0
1260,397,0,730,0
1280,398,0,732,0
1300,400,0,734,0
1320,401,0,736,0
1340,402,0,739,0
1360,403,0,742,0
1380,405,0,745,0
1400,407,0,748,0
1420,410,0,752,0
1440,413,0,755,0
1460,417,0,758,0
1480,420,0,761,0
1500,424,0,764,0
1520,427,0,767,0
1540,432,0,771,0
1560,436,0,774,0
1580,441,0,777,0
1600,445,0,780,0
1620,450,0,782,0
1640,454,0,783,0
1660,458,0,785,0
1680,463,0,787,0
1700,467,0,788,0
1720,472,0,790,0
1740,477,0,791,0
1760,481,0,792,0
1780,486,0,794,0
1800,490,0,795,0
1820,495,0,797,0
1840,499,0,798,0
1860,504,0,799,0
1880,509,0,801,0
1900,514,0,802,0
1920,519,0,804,0
1940,524,0,808,0
1960,528,0,813,0
1980,534,0,818,0
2000,539,0,822,0
2020,544,0,827,0
2040,550,0,832,0
2060,555,0,836,0
2080,560,0,840,0
2100,564,0,843,0
2120,568,0,847,0
2140,573,0,850,0
2160,576,0,853,0
2180,579,0,856,0
2200,582,0,859,0
2220,585,0,862,0
2240,587,0,864,0
2260,588,0,866,0
2280,590,0,868,0
2300,593,0,870,0
2320,595,0,872,0
2340,597,0,874,0
2360,599,0,876,0
2380,601,0,878,0
2400,603,0,880,0
2420,605,0,883,0
2440,607,0,884,0
2460,609,0,886,0
2480,611,0,888,0
2500,614,0,890,0
2520,617,0,892,0
2540,621,0,893,0
2560,624,0,894,0
2580,627,0,895,0
2600,631,0,897,0
2620,634,0,899,0
2640,637,0,901,0
2660,640,0,902,0
2680,643,0,904,0
2700,646,0,907,0
2720,649,0,910,0
2740,652,0,913,0
2760,654,0,916,0
2780,657,0,919,0
2800,659,0,922,0
2820,662,0,925,0
2840,664,0,928,0
2860,667,0,931,0
2880,669,0,935,0
2900,671,0,939,0
2920,673,0,942,0
2940,675,0,946,0
2960,677,0,949,0
2980,679,0,953,0
3000,681,0,957,0
3020,682,0,960,0
3040,683,0,964,0
3060,684,0,967,0
3080,684,0,971,0
3100,685,0,974,0
3120,685,0,978,0
3140,685,0,982,0
3160,685,0,987,0
3180,685,0,993,0
3200,685,0,998,0
3220,686,0,1000,0
3240,686,0,1000,0
3260,687,0,1000,0
3280,687,0,1000,0
3300,688,0,1000,0
3320,689,0,1000,0
3340,689,0,1000,0
3360,690,0,1000,0
3380,690,0,1000,0
3400,690,0,1000,0
3420,690,0,1000,0
3440,690,0,1000,0
3460,691,0,1000,0
3480,691,0,1000,0
3500,691,0,1000,0
3520,692,0,1000,0
3540,692,0,1000,0
3560,694,0,1000,0
3580,695,0,1000,0
3600,698,0,1000,0
3620,700,0,1000,0
3640,703,0,1000,0
3660,705,0,1000,0
3680,707,0,1000,0
3700,709,0,1000,0
3720,711,0,1000,0
3740,712,0,1000,0
3760,714,0,1000,0
3780,715,0,1000,0
3800,717,0,1000,0
3820,718,0,1000,0
3840,720,0,1000,0
3860,724,0,1000,0
3880,728,0,1000,0
3900,733,0,1000,0
3920,737,0,1000,0
3940,741,0,1000,0
3960,745,0,1000,0
3980,748,0,1000,0
4000,752,0,1000,0
4020,755,0,1000,0
4040,757,0,1000,0
4060,760,0,1000,0
4080,762,0,1000,0
4100,764,0,1000,0
4120,767,0,1000,0
4140,770,0,1000,0
4160,773,0,1000,0
4180,776,0,1000,0
4200,780,0,1000,0
4220,783,0,1000,0
4240,786,0,1000,0
4260,789,0,1000,0
4280,791,0,1000,0
4300,794,0,1000,0
4320,795,0,1000,0
4340,796,0,1000,0
4360,797,0,1000,0
4380,799,0,1000,0
4400,799,0,1000,0
4420,799,0,1000,0
4440,800,0,1000,0
4460,800,0,1000,0
4480,801,0,1000,0
4500,802,0,1000,0
4520,803,0,1000,0
4540,803,0,1000,0
4560,803,0,1000,0
4580,803,0,1000,0
4600,803,0,1000,0
4620,803,0,1000,0
4640,804,0,1000,0
4660,804,0,1000,0
4680,804,0,1000,0
4700,804,0,1000,0
4720,803,0,1000,0
4740,803,0,1000,0
4760,803,0,1000,0
4780,803,0,1000,0
4800,803,0,1000,0
4820,803,0,1000,0
4840,802,0,1000,0
4860,802,0,1000,0
4880,803,0,1000,0
4900,804,0,1000,0
4920,805,0,1000,0
4940,806,0,1000,0
4960,807,0,1000,0
4980,808,0,1000,0
5000,809,0,1000,0
5020,811,0,1000,0
5040,812,0,1000,0
5060,814,0,1000,0
5080,815,0,1000,0
5100,817,0,1000,0
5120,818,0,1000,0
5140,820,0,1000,0
5160,821,0,1000,0
5180,823,0,1000,0
5200,825,0,1000,0
5220,826,0,1000,0
5240,828,0,1000,0
5260,829,0,1000,0
5280,831,0,1000,0
5300,832,0,1000,0
5320,834,0,1000,0
5340,835,0,1000,0
5360,837,0,1000,0
5380,838,0,1000,0
5400,840,0,1000,0
5420,841,0,1000,0
5440,843,0,1000,0
5460,844,0,1000,0
5480,846,0,1000,0
5500,847,0,1000,0
5520,849,0,1000,0
5540,850,0,1000,0
5560,852,0,1000,0
5580,853,0,1000,0
5600,855,0,1000,0
5620,856,0,1000,0
5640,858,0,1000,0
5660,859,0,1000,0
5680,861,0,1000,0
5700,863,0,1000,0
5720,864,0,1000,0
5740,866,0,1000,0
5760,867,0,1000,0
5780,869,0,1000,0
5800,870,0,1000,0
5820,872,0,1000,0
5840,873,0,1000,0
5860,875,0,1000,0
5880,876,0,1000,0
5900,878,0,1000,0
5920,879,0,1000,0
5940,881,0,1000,0
5960,882,0,1000,0
5980,884,0,1000,0
6000,885,0,1000,0
6020,887,0,1000,0
6040,888,0,1000,0
6060,890,0,1000,0
6080,891,0,1000,0
6100,893,0,1000,0
6120,894,0,1000,0
6140,896,0,1000,0
6160,897,0,1000,0
6180,899,0,1000,0
6200,901,0,1000,0
6220,902,0,1000,0
6240,904,0,1000,0
6260,905,0,1000,0
6280,907,0,1000,0
6300,908,0,1000,0
6320,910,0,1000,0
6340,911,0,1000,0
6360,913,0,1000,0
6380,914,0,1000,0
6400,916,0,1000,0
6420,917,0,1000,0
6440,919,0,1000,0
6460,920,0,1000,0
6480,922,0,1000,0
6500,923,0,1000,0
6520,925,0,1000,0
6540,926,0,1000,0
6560,928,0,1000,0
6580,929,0,1000,0
6600,931,0,1000,0
6620,932,0,1000,0
6640,934,0,1000,0
6660,936,0,1000,0
6680,937,0,1000,0
6700,939,0,1000,0
6720,940,0,1000,0
6740,942,0,1000,0
6760,943,0,1000,0
6780,945,0,1000,0
6800,946,0,1000,0
6820,948,0,1000,0
6840,949,0,1000,0
6860,951,0,1000,0
6880,400,0,600,0
6900,400,0,600,0
6920,400,0,600,0
6940,400,0,600,0
6960,400,0,600,0
6980,400,0,600,0
7000,400,0,600,0
7020,400,0,600,0
7040,400,0,600,0
7060,400,0,600,0
7080,400,0,600,0
7100,400,0,600,0
7120,400,0,600,0
7140,400,0,600,0
7160,400,0,600,0
7180,400,0,600,0
7200,401,0,603,0
7220,402,0,605,0
7240,402,0,608,0
7260,400,0,611,0
7280,397,0,613,0
7300,395,0,616,0
7320,393,0,619,0
7340,390,0,622,0
7360,388,0,625,0
7380,386,0,628,0
7400,383,0,632,0
7420,380,0,635,0
7440,378,0,638,0
7460,375,0,641,0
7480,372,0,644,0
7500,370,0,647,0
7520,367,0,650,0
7540,365,0,654,0
7560,363,0,657,0
7580,361,0,660,0
7600,358,0,663,0
7620,356,0,666,0
7640,355,0,669,0
7660,353,0,672,0
7680,352,0,676,0
7700,351,0,679,0
7720,349,0,682,0
7740,348,0,685,0
7760,346,0,688,0
7780,346,0,691,0
7800,346,0,698,0
7820,346,0,704,0
7840,347,0,711,0
7860,348,0,717,0
7880,349,0,724,0
7900,350,0,730,0
7920,352,0,737,0
7940,354,0,743,0
7960,355,0,750,0
7980,357,0,756,0
8000,359,0,763,0
8020,361,0,770,0
8040,364,0,776,0
8060,367,0,783,0
8080,370,0,789,0
8100,373,0,794,0
8120,375,0,799,0
8140,379,0,803,0
8160,382,0,808,0
8180,385,0,812,0
8200,388,0,816,0
8220,391,0,820,0
8240,394,0,821,0
8260,396,0,820,0
8280,399,0,820,0
8300,401,0,820,0
8320,404,0,820,0
8340,406,0,819,0
8360,409,0,817,0
8380,412,0,815,0
8400,414,0,814,0
8420,417,0,812,0
8440,419,0,811,0
8460,422,0,809,0
8480,424,0,809,0
8500,427,0,808,0
8520,429,0,807,0
8540,431,0,807,0
8560,433,0,807,0
8580,435,0,808,0
8600,437,0,808,0
8620,439,0,809,0
8640,441,0,809,0
8660,443,0,809,0
8680,445,0,809,0
8700,447,0,806,0
8720,449,0,804,0
8740,452,0,801,0
8760,454,0,799,0
8780,456,0,797,0
8800,459,0,796,0
8820,461,0,795,0
8840,463,0,793,0
8860,466,0,793,0
8880,468,0,794,0
8900,470,0,794,0
8920,473,0,794,0
8940,475,0,794,0
8960,478,0,794,0
8980,480,0,794,0
9000,483,0,794,0
9020,485,0,794,0
9040,487,0,793,0
9060,490,0,793,0
9080,492,0,793,0
9100,494,0,792,0
9120,497,0,792,0
9140,499,0,792,0
9160,502,0,792,0
9180,504,0,792,0
9200,507,0,792,0
9220,509,0,793,0
9240,512,0,794,0
9260,514,0,794,0
9280,516,0,795,0
9300,518,0,796,0
9320,521,0,796,0
9340,523,0,797,0
9360,525,0,798,0
9380,528,0,800,0
9400,530,0,802,0
9420,532,0,804,0
9440,534,0,806,0
9460,535,0,808,0
9480,537,0,809,0
9500,538,0,810,0
9520,539,0,812,0
9540,540,0,813,0
9560,540,0,813,0
9580,541,0,814,0
9600,542,0,814,0
9620,542,0,814,0
9640,543,0,815,0
9660,544,0,815,0
9680,546,0,815,0
9700,547,0,815,0
9720,548,0,815,0
9740,550,0,815,0
9760,551,0,815,0
9780,553,0,816,0
9800,555,0,816,0
9820,557,0,816,0
9840,559,0,816,0
9860,561,0,815,0
9880,563,0,814,0
9900,565,0,813,0
9920,567,0,811,0
9940,570,0,810,0
9960,573,0,808,0
9980,575,0,806,0
10000,578,0,806,0
10020,581,0,805,0
10040,584,0,804,0
10060,587,0,804,0
10080,590,0,804,0
10100,593,0,805,0
10120,595,0,807,0
10140,598,0,808,0
10160,600,0,810,0
10180,603,0,812,0
10200,605,0,814,0
10220,608,0,816,0
10240,610,0,817,0
10260,612,0,819,0
10280,614,0,821,0
10300,617,0,823,0
10320,619,0,825,0
10340,620,0,826,0
10360,622,0,828,0
10380,623,0,830,0
10400,625,0,832,0
10420,624,0,837,0
10440,624,0,842,0
10460,623,0,847,0
10480,622,0,852,0
10500,621,0,857,0
10520,620,0,863,0
10540,619,0,868,0
10560,619,0,872,0
10580,619,0,875,0
10600,618,0,878,0
10620,618,0,881,0
10640,619,0,883,0
10660,619,0,886,0
10680,619,0,889,0
10700,620,0,891,0
10720,620,0,894,0
10740,621,0,896,0
10760,621,0,899,0
10780,621,0,901,0
10800,622,0,903,0
10820,622,0,904,0
10840,622,0,906,0
10860,622,0,908,0
10880,623,0,910,0
10900,623,0,912,0
10920,624,0,914,0
10940,625,0,916,0
10960,626,0,918,0
10980,628,0,920,0
11000,629,0,921,0
11020,630,0,923,0
11040,632,0,925,0
11060,633,0,927,0
11080,635,0,929,0
11100,636,0,931,0
11120,638,0,933,0
11140,639,0,935,0
11160,640,0,937,0
11180,642,0,942,0
11200,643,0,947,0
11220,643,0,952,0
11240,644,0,958,0
11260,645,0,963,0
11280,645,0,967,0
11300,646,0,970,0
11320,646,0,967,0
11340,647,0,965,0
11360,647,0,962,0
11380,648,0,960,0
11400,648,0,958,0
11420,649,0,956,0
11440,650,0,954,0
11460,650,0,952,0
11480,651,0,951,0
11500,651,0,950,0
11520,652,0,949,0
11540,653,0,949,0
11560,654,0,948,0
11580,655,0,946,0
11600,656,0,944,0
11620,657,0,942,0
11640,658,0,940,0
11660,659,0,938,0
11680,660,0,937,0
11700,662,0,935,0
11720,663,0,933,0
11740,665,0,931,0
11760,666,0,929,0
11780,668,0,928,0
11800,669,0,926,0
11820,670,0,924,0
11840,672,0,922,0
11860,673,0,920,0
11880,675,0,919,0
11900,676,0,917,0
11920,678,0,915,0
11940,679,0,913,0
11960,680,0,912,0
11980,682,0,910,0
12000,683,0,908,0
12020,685,0,906,0
12040,686,0,904,0
12060,688,0,903,0
12080,689,0,901,0
12100,691,0,899,0
12120,692,0,897,0
12140,693,0,895,0
12160,695,0,894,0
12180,696,0,892,0
12200,698,0,890,0
12220,699,0,888,0
12240,701,0,887,0
12260,702,0,885,0
12280,703,0,883,0
12300,705,0,881,0
12320,706,0,879,0
12340,708,0,878,0
12360,709,0,876,0
12380,711,0,874,0
12400,712,0,872,0
12420,714,0,870,0
12440,715,0,869,0
12460,716,0,867,0
12480,718,0,865,0
12500,719,0,863,0
12520,721,0,862,0
12540,722,0,860,0
12560,724,0,858,0
12580,725,0,856,0
12600,726,0,854,0
12620,728,0,853,0
12640,729,0,851,0
12660,731,0,849,0
12680,732,0,847,0
12700,734,0,845,0
12720,735,0,844,0
12740,737,0,842,0
12760,738,0,840,0
12780,739,0,838,0
12800,741,0,837,0
12820,742,0,835,0
12840,744,0,833,0
12860,745,0,831,0
12880,747,0,829,0
12900,748,0,828,0
12920,749,0,826,0
12940,751,0,824,0
12960,752,0,822,0
12980,754,0,821,0
13000,755,0,819,0
13020,400,0,600,0
13040,400,0,600,0
13060,400,0,600,0
13080,400,0,600,0
13100,400,0,600,0
13120,400,0,600,0
13140,400,0,600,0
13160,400,0,600,0
13180,400,0,600,0
13200,400,0,600,0
13220,400,0,600,0
13240,400,0,600,0
13260,400,0,600,0
13280,400,0,596,0
13300,400,0,592,0
13320,400,0,589,0
13340,402,0,585,0
13360,406,0,582,0
13380,409,0,578,0
13400,412,0,576,0
13420,415,0,574,0
13440,417,0,572,0
13460,418,0,570,0
13480,420,0,569,0
13500,423,0,567,0
13520,425,0,565,0
13540,428,0,564,0
13560,431,0,562,0
13580,434,0,561,0
13600,436,0,560,0
13620,438,0,559,0
13640,440,0,557,0
13660,442,0,556,0
13680,445,0,554,0
13700,447,0,552,0
13720,449,0,551,0
13740,451,0,549,0
13760,453,0,548,0
13780,455,0,546,0
13800,457,0,546,0
13820,458,0,545,0
13840,460,0,544,0
13860,461,0,543,0
13880,463,0,543,0
13900,464,0,542,0
13920,466,0,540,0
13940,468,0,539,0
13960,470,0,538,0
13980,472,0,536,0
14000,474,0,535,0
14020,476,0,534,0
14040,478,0,532,0
14060,480,0,532,0
14080,481,0,532,0
14100,483,0,531,0
14120,485,0,531,0
14140,487,0,531,0
14160,489,0,531,0
14180,491,0,532,0
14200,493,0,532,0
14220,494,0,533,0
14240,496,0,534,0
14260,498,0,534,0
14280,499,0,535,0
14300,501,0,536,0
14320,503,0,538,0
14340,504,0,540,0
14360,506,0,541,0
14380,507,0,543,0
14400,509,0,545,0
14420,510,0,547,0
14440,511,0,549,0
14460,512,0,551,0
14480,513,0,553,0
14500,513,0,555,0
14520,513,0,557,0
14540,514,0,559,0
14560,514,0,561,0
14580,514,0,563,0
14600,514,0,564,0
14620,513,0,568,0
14640,512,0,575,0
14660,512,0,582,0
14680,511,0,588,0
14700,510,0,594,0
14720,509,0,601,0
14740,507,0,607,0
14760,506,0,613,0
14780,505,0,615,0
14800,504,0,617,0
14820,504,0,619,0
14840,503,0,620,0
14860,503,0,622,0
14880,503,0,624,0
14900,503,0,626,0
14920,504,0,628,0
14940,504,0,630,0
14960,504,0,632,0
14980,505,0,634,0
15000,505,0,636,0
15020,506,0,638,0
15040,506,0,639,0
15060,507,0,641,0
15080,508,0,643,0
15100,509,0,645,0
15120,511,0,647,0
15140,513,0,649,0
15160,515,0,651,0
15180,517,0,653,0
15200,518,0,655,0
15220,521,0,656,0
15240,523,0,658,0
15260,525,0,660,0
15280,527,0,662,0
15300,530,0,664,0
15320,532,0,666,0
15340,534,0,668,0
15360,536,0,670,0
15380,538,0,672,0
15400,540,0,673,0
15420,541,0,675,0
15440,543,0,677,0
15460,545,0,679,0
15480,546,0,681,0
15500,548,0,683,0
15520,549,0,685,0
15540,551,0,687,0
15560,553,0,689,0
15580,554,0,690,0
15600,556,0,692,0
15620,558,0,694,0
15640,560,0,696,0
15660,562,0,698,0
15680,563,0,700,0
15700,565,0,702,0
15720,567,0,704,0
15740,569,0,706,0
15760,570,0,707,0
15780,572,0,709,0
15800,574,0,711,0
15820,576,0,713,0
15840,578,0,715,0
15860,580,0,717,0
15880,582,0,719,0
15900,584,0,721,0
15920,587,0,725,0
15940,589,0,736,0
15960,592,0,748,0
15980,594,0,760,0
16000,596,0,772,0
16020,598,0,784,0
16040,601,0,795,0
16060,603,0,807,0
16080,605,0,819,0
16100,607,0,830,0
16120,610,0,842,0
16140,612,0,854,0
16160,615,0,865,0
16180,618,0,877,0
16200,621,0,888,0
16220,623,0,900,0
16240,626,0,912,0
16260,629,0,923,0
16280,632,0,935,0
16300,635,0,946,0
16320,638,0,958,0
16340,640,0,970,0
16360,643,0,981,0
16380,645,0,993,0
16400,646,0,1000,0
16420,648,0,1000,0
16440,648,0,1000,0
16460,648,0,1000,0
16480,648,0,1000,0
16500,648,0,1000,0
16520,649,0,1000,0
16540,649,0,1000,0
16560,649,0,1000,0
16580,651,0,1000,0
16600,653,0,1000,0
16620,655,0,1000,0
16640,657,0,1000,0
16660,659,0,1000,0
16680,661,0,1000,0
16700,663,0,1000,0
16720,665,0,1000,0
16740,667,0,1000,0
16760,669,0,1000,0
16780,672,0,1000,0
16800,674,0,1000,0
16820,676,0,1000,0
16840,678,0,1000,0
16860,680,0,999,0
16880,682,0,999,0
16900,684,0,999,0
16920,686,0,999,0
16940,688,0,999,0
16960,690,0,999,0
16980,692,0,999,0
17000,694,0,999,0
17020,696,0,999,0
17040,698,0,999,0
17060,700,0,999,0
17080,702,0,999,0
17100,704,0,999,0
17120,706,0,999,0
17140,708,0,998,0
17160,711,0,998,0
17180,714,0,998,0
17200,717,0,998,0
17220,720,0,998,0
17240,723,0,1000,0
17260,726,0,1000,0
17280,728,0,1000,0
17300,731,0,1000,0
17320,734,0,1000,0
17340,737,0,1000,0
17360,740,0,1000,0
17380,743,0,1000,0
17400,746,0,1000,0
17420,749,0,1000,0
17440,752,0,1000,0
17460,755,0,1000,0
17480,757,0,1000,0
17500,760,0,1000,0
17520,763,0,1000,0
17540,766,0,1000,0
17560,769,0,1000,0
17580,772,0,1000,0
17600,775,0,1000,0
17620,778,0,1000,0
17640,781,0,1000,0
17660,784,0,1000,0
17680,787,0,1000,0
17700,790,0,1000,0
17720,795,0,1000,0
17740,800,0,1000,0
17760,806,0,1000,0
17780,811,0,1000,0
17800,817,0,1000,0
17820,822,0,1000,0
17840,828,0,1000,0
17860,833,0,1000,0
17880,838,0,1000,0
17900,844,0,1000,0
17920,849,0,1000,0
17940,855,0,1000,0
17960,860,0,1000,0
17980,866,0,1000,0
18000,867,0,1000,0
18020,867,0,1000,0
18040,868,0,1000,0
18060,869,0,1000,0
18080,870,0,1000,0
18100,871,0,1000,0
18120,872,0,1000,0
18140,873,0,1000,0
18160,873,0,1000,0
18180,874,0,1000,0
18200,875,0,1000,0
18220,876,0,1000,0
18240,877,0,1000,0
18260,878,0,1000,0
18280,879,0,1000,0
18300,880,0,1000,0
18320,881,0,1000,0
18340,881,0,1000,0
18360,882,0,1000,0
18380,883,0,1000,0
18400,884,0,1000,0
18420,885,0,1000,0
18440,886,0,1000,0
18460,887,0,1000,0
18480,888,0,1000,0
18500,888,0,1000,0
18520,889,0,1000,0
18540,890,0,1000,0
18560,891,0,1000,0
18580,892,0,1000,0
18600,893,0,1000,0
18620,894,0,1000,0
18640,895,0,1000,0
18660,895,0,1000,0
18680,896,0,1000,0
18700,897,0,1000,0
18720,898,0,1000,0
18740,899,0,1000,0
18760,900,0,1000,0
18780,901,0,1000,0
18800,902,0,1000,0
18820,903,0,1000,0
18840,903,0,1000,0
18860,904,0,1000,0
18880,905,0,1000,0
18900,400,0,600,0
18920,400,0,600,0
18940,400,0,600,0
18960,400,0,600,0
18980,400,0,600,0
19000,400,0,600,0
19020,400,0,600,0
19040,400,0,600,0
19060,400,0,600,0
19080,400,0,600,0
19100,400,0,600,0
19120,400,0,600,0
19140,400,0,600,0
19160,400,0,600,0
19180,403,0,600,0
19200,405,0,600,0
19220,407,0,600,0
19240,409,0,600,0
19260,412,0,600,0
19280,414,0,600,0
19300,411,0,600,0
19320,407,0,600,0
19340,403,0,602,0
19360,399,0,605,0
19380,395,0,607,0
19400,391,0,610,0
19420,386,0,613,0
19440,382,0,616,0
19460,378,0,618,0
19480,374,0,621,0
19500,369,0,624,0
19520,365,0,626,0
19540,361,0,629,0
19560,357,0,632,0
19580,352,0,635,0
19600,348,0,637,0
19620,345,0,640,0
19640,343,0,643,0
19660,340,0,649,0
19680,337,0,655,0
19700,334,0,661,0
19720,331,0,667,0
19740,330,0,673,0
19760,328,0,679,0
19780,326,0,686,0
19800,325,0,692,0
19820,324,0,694,0
19840,323,0,695,0
19860,322,0,697,0
19880,323,0,699,0
19900,323,0,701,0
19920,323,0,703,0
19940,324,0,705,0
19960,326,0,707,0
19980,328,0,710,0
20000,331,0,712,0
20020,334,0,714,0
20040,337,0,716,0
20060,339,0,719,0
20080,342,0,721,0
20100,345,0,723,0
20120,348,0,725,0
20140,352,0,726,0
20160,355,0,728,0
20180,359,0,729,0
20200,362,0,731,0
20220,366,0,732,0
20240,369,0,733,0
20260,372,0,734,0
20280,376,0,735,0
20300,379,0,737,0
20320,382,0,739,0
20340,386,0,741,0
20360,389,0,743,0
20380,393,0,746,0
20400,396,0,748,0
20420,399,0,750,0
20440,403,0,754,0
20460,405,0,758,0
20480,408,0,762,0
20500,411,0,766,0
20520,413,0,768,0
20540,416,0,768,0
20560,418,0,768,0
20580,419,0,768,0
20600,421,0,768,0
20620,423,0,768,0
20640,425,0,767,0
20660,427,0,767,0
20680,429,0,768,0
20700,431,0,769,0
20720,433,0,769,0
20740,435,0,770,0
20760,437,0,771,0
20780,439,0,773,0
20800,440,0,774,0
20820,442,0,776,0
20840,444,0,777,0
20860,445,0,778,0
20880,447,0,780,0
20900,448,0,781,0
20920,450,0,781,0
20940,452,0,780,0
20960,454,0,780,0
20980,456,0,780,0
21000,458,0,780,0
21020,461,0,780,0
21040,463,0,780,0
21060,466,0,779,0
21080,469,0,779,0
21100,472,0,779,0
21120,474,0,779,0
21140,477,0,779,0
21160,479,0,779,0
21180,482,0,779,0
21200,484,0,779,0
21220,486,0,779,0
21240,488,0,779,0
21260,491,0,782,0
21280,493,0,785,0
21300,495,0,789,0
21320,498,0,792,0
21340,500,0,795,0
21360,503,0,799,0
21380,505,0,798,0
21400,508,0,797,0
21420,510,0,797,0
21440,513,0,796,0
21460,516,0,795,0
21480,518,0,795,0
21500,520,0,795,0
21520,523,0,795,0
21540,525,0,796,0
21560,527,0,796,0
21580,528,0,797,0
21600,530,0,798,0
21620,532,0,799,0
21640,533,0,799,0
21660,534,0,799,0
21680,536,0,799,0
21700,537,0,798,0
21720,539,0,796,0
21740,540,0,795,0
21760,542,0,794,0
21780,543,0,793,0
21800,545,0,791,0
21820,546,0,790,0
21840,548,0,788,0
21860,549,0,786,0
21880,550,0,784,0
21900,551,0,783,0
21920,552,0,781,0
21940,553,0,781,0
21960,555,0,781,0
21980,556,0,782,0
22000,557,0,782,0
22020,559,0,782,0
22040,560,0,783,0
22060,561,0,783,0
22080,563,0,783,0
22100,565,0,784,0
22120,567,0,783,0
22140,569,0,781,0
22160,570,0,780,0
22180,572,0,778,0
22200,574,0,776,0
22220,576,0,774,0
22240,578,0,774,0
22260,581,0,773,0
22280,583,0,773,0
22300,584,0,772,0
22320,586,0,772,0
22340,588,0,771,0
22360,590,0,773,0
22380,591,0,776,0
22400,592,0,778,0
22420,593,0,780,0
22440,593,0,783,0
22460,592,0,785,0
22480,592,0,787,0
22500,591,0,790,0
22520,591,0,792,0
22540,590,0,795,0
22560,590,0,797,0
22580,589,0,799,0
22600,588,0,802,0
22620,588,0,804,0
22640,587,0,806,0
22660,586,0,809,0
22680,584,0,811,0
22700,583,0,813,0
22720,582,0,816,0
22740,581,0,818,0
22760,580,0,821,0
22780,581,0,823,0
22800,582,0,825,0
22820,583,0,828,0
22840,583,0,830,0
22860,584,0,832,0
22880,585,0,835,0
22900,586,0,837,0
22920,587,0,840,0
22940,587,0,842,0
22960,588,0,844,0
22980,589,0,847,0
23000,591,0,853,0
23020,592,0,860,0
23040,593,0,867,0
23060,594,0,873,0
23080,595,0,880,0
23100,596,0,887,0
23120,597,0,894,0
23140,598,0,900,0
23160,600,0,907,0
23180,601,0,914,0
23200,603,0,921,0
23220,605,0,927,0
23240,607,0,934,0
23260,609,0,941,0
23280,611,0,947,0
23300,614,0,953,0
23320,615,0,956,0
23340,617,0,958,0
23360,619,0,960,0
23380,620,0,963,0
23400,622,0,965,0
23420,624,0,968,0
23440,627,0,970,0
23460,629,0,973,0
23480,631,0,974,0
23500,634,0,976,0
23520,636,0,978,0
23540,639,0,980,0
23560,641,0,981,0
23580,644,0,983,0
23600,646,0,985,0
23620,649,0,987,0
23640,651,0,989,0
23660,654,0,991,0
23680,657,0,993,0
23700,659,0,995,0
23720,662,0,997,0
23740,664,0,998,0
23760,667,0,1000,0
23780,670,0,1000,0
23800,672,0,1000,0
23820,675,0,1000,0
23840,677,0,1000,0
23860,680,0,1000,0
23880,683,0,1000,0
23900,685,0,1000,0
23920,688,0,1000,0
23940,690,0,1000,0
23960,693,0,1000,0
23980,696,0,1000,0
24000,698,0,1000,0
24020,701,0,1000,0
24040,703,0,1000,0
24060,706,0,1000,0
24080,709,0,1000,0
24100,711,0,997,0
24120,714,0,995,0
24140,716,0,993,0
24160,719,0,991,0
24180,722,0,989,0
24200,724,0,987,0
24220,727,0,985,0
24240,729,0,982,0
24260,732,0,980,0
24280,735,0,978,0
24300,737,0,976,0
24320,740,0,974,0
24340,742,0,972,0
24360,745,0,969,0
24380,748,0,967,0
24400,750,0,966,0
24420,753,0,964,0
24440,755,0,962,0
24460,758,0,961,0
24480,761,0,962,0
24500,763,0,963,0
24520,766,0,964,0
24540,768,0,964,0
24560,771,0,965,0
24580,773,0,966,0
24600,776,0,969,0
24620,779,0,971,0
24640,781,0,974,0
24660,784,0,977,0
24680,786,0,980,0
24700,789,0,983,0
24720,792,0,986,0
24740,794,0,989,0
24760,797,0,992,0
24780,799,0,995,0
24800,802,0,997,0
24820,400,0,600,0
24840,400,0,600,0
24860,400,0,600,0
24880,400,0,600,0
24900,400,0,600,0
24920,400,0,600,0
24940,400,0,600,0
24960,400,0,600,0
24980,400,0,600,0
25000,400,0,600,0
25020,400,0,600,0
25040,400,0,600,0
25060,400,0,600,0
25080,400,0,600,0
25100,400,0,600,0
25120,400,0,600,0
25140,400,0,600,0
25160,400,0,600,0
25180,401,0,600,0
25200,405,0,600,0
25220,409,0,600,0
25240,414,0,600,0
25260,418,0,600,0
25280,418,0,600,0
25300,417,0,600,0
25320,417,0,600,0
25340,417,0,600,0
25360,419,0,600,0
25380,421,0,600,0
25400,422,0,600,0
25420,424,0,600,0
25440,425,0,600,0
25460,427,0,600,0
25480,428,0,600,0
25500,430,0,600,0
25520,432,0,600,0
25540,433,0,602,0
25560,435,0,607,0
25580,437,0,612,0
25600,439,0,617,0
25620,440,0,622,0
25640,442,0,628,0
25660,443,0,633,0
25680,444,0,638,0
25700,444,0,643,0
25720,445,0,648,0
25740,446,0,653,0
25760,447,0,658,0
25780,448,0,663,0
25800,449,0,668,0
25820,450,0,673,0
25840,452,0,678,0
25860,454,0,683,0
25880,455,0,687,0
25900,457,0,690,0
25920,458,0,692,0
25940,460,0,694,0
25960,461,0,696,0
25980,463,0,699,0
26000,465,0,701,0
26020,466,0,703,0
26040,468,0,706,0
26060,470,0,708,0
26080,471,0,711,0
26100,473,0,713,0
26120,474,0,716,0
26140,476,0,719,0
26160,477,0,721,0
26180,479,0,724,0
26200,480,0,726,0
26220,482,0,727,0
26240,484,0,729,0
26260,486,0,731,0
26280,488,0,732,0
26300,491,0,734,0
26320,493,0,735,0
26340,495,0,737,0
26360,497,0,738,0
26380,500,0,739,0
26400,502,0,741,0
26420,504,0,743,0
26440,506,0,745,0
26460,509,0,747,0
26480,511,0,749,0
26500,514,0,750,0
26520,516,0,752,0
26540,518,0,754,0
26560,521,0,757,0
26580,523,0,759,0
26600,526,0,762,0
26620,528,0,764,0
26640,531,0,766,0
26660,533,0,768,0
26680,536,0,771,0
26700,539,0,773,0
26720,541,0,775,0
26740,543,0,776,0
26760,546,0,778,0
26780,548,0,779,0
26800,551,0,781,0
26820,553,0,782,0
26840,555,0,784,0
26860,558,0,785,0
26880,560,0,787,0
26900,562,0,788,0
26920,565,0,790,0
26940,567,0,791,0
26960,569,0,793,0
26980,572,0,795,0
27000,574,0,796,0
27020,576,0,798,0
27040,578,0,800,0
27060,581,0,800,0
27080,583,0,801,0
27100,586,0,802,0
27120,588,0,803,0
27140,590,0,803,0
27160,593,0,802,0
27180,595,0,801,0
27200,597,0,800,0
27220,599,0,799,0
27240,602,0,798,0
27260,604,0,797,0
27280,606,0,796,0
27300,608,0,795,0
27320,611,0,794,0
27340,613,0,793,0
27360,615,0,792,0
27380,617,0,791,0
27400,619,0,790,0
27420,621,0,794,0
27440,623,0,798,0
27460,625,0,803,0
27480,627,0,807,0
27500,629,0,812,0
27520,630,0,817,0
27540,632,0,822,0
27560,634,0,823,0
27580,636,0,823,0
27600,637,0,824,0
27620,639,0,824,0
27640,640,0,825,0
27660,641,0,825,0
27680,642,0,825,0
27700,643,0,826,0
27720,644,0,826,0
27740,645,0,828,0
27760,646,0,831,0
27780,646,0,833,0
27800,647,0,836,0
27820,647,0,838,0
27840,646,0,841,0
27860,646,0,843,0
27880,645,0,847,0
27900,645,0,851,0
27920,644,0,855,0
27940,643,0,856,0
27960,642,0,858,0
27980,641,0,859,0
28000,640,0,860,0
28020,638,0,862,0
28040,637,0,863,0
28060,636,0,865,0
28080,634,0,867,0
28100,633,0,869,0
28120,632,0,871,0
28140,630,0,872,0
28160,628,0,874,0
28180,626,0,875,0
28200,624,0,875,0
28220,623,0,874,0
28240,621,0,874,0
28260,618,0,873,0
28280,615,0,872,0
28300,612,0,872,0
28320,610,0,870,0
28340,607,0,868,0
28360,604,0,866,0
28380,601,0,864,0
28400,599,0,862,0
28420,597,0,860,0
28440,594,0,857,0
28460,592,0,856,0
28480,591,0,854,0
28500,589,0,853,0
28520,587,0,852,0
28540,586,0,851,0
28560,585,0,850,0
28580,585,0,849,0
28600,584,0,849,0
28620,584,0,848,0
28640,583,0,847,0
28660,583,0,846,0
28680,582,0,845,0
28700,582,0,845,0
28720,582,0,844,0
28740,581,0,843,0
28760,581,0,843,0
28780,581,0,842,0
28800,581,0,842,0
28820,580,0,842,0
28840,580,0,842,0
28860,579,0,842,0
28880,579,0,842,0
28900,578,0,843,0
28920,578,0,844,0
28940,578,0,845,0
28960,578,0,846,0
28980,579,0,848,0
29000,579,0,849,0
29020,579,0,850,0
29040,579,0,852,0
29060,579,0,853,0
29080,579,0,854,0
29100,578,0,856,0
29120,578,0,857,0
29140,578,0,858,0
29160,578,0,859,0
29180,578,0,861,0
29200,578,0,862,0
29220,578,0,863,0
29240,579,0,865,0
29260,580,0,866,0
29280,581,0,867,0
29300,582,0,869,0
29320,583,0,870,0
29340,584,0,871,0
29360,585,0,873,0
29380,586,0,874,0
29400,586,0,875,0
29420,587,0,876,0
29440,588,0,878,0
29460,589,0,879,0
29480,590,0,880,0
29500,591,0,882,0
29520,591,0,883,0
29540,590,0,884,0
29560,589,0,886,0
29580,588,0,887,0
29600,587,0,888,0
29620,587,0,889,0
29640,586,0,891,0
29660,586,0,892,0
29680,586,0,893,0
29700,585,0,895,0
29720,585,0,896,0
29740,585,0,897,0
29760,585,0,899,0
29780,585,0,900,0
29800,585,0,901,0
29820,585,0,903,0
29840,400,0,600,0
29860,400,0,600,0
29880,400,0,600,0
29900,400,0,600,0
29920,400,0,600,0
29940,400,0,600,0
29960,400,0,600,0
29980,400,0,600,0
30000,400,0,600,0
30020,400,0,600,0
30040,400,0,600,0
30060,400,0,600,0
30080,400,0,600,0
30100,399,0,600,0
30120,396,0,600,0
30140,393,0,600,0
30160,391,0,600,0
30180,388,0,600,0
30200,386,0,600,0
30220,383,0,600,0
30240,381,0,600,0
30260,378,0,600,0
30280,377,0,600,0
30300,375,0,600,0
30320,374,0,600,0
30340,372,0,600,0
30360,371,0,600,0
30380,369,0,600,0
30400,367,0,600,0
30420,365,0,600,0
30440,364,0,600,0
30460,362,0,600,0
30480,361,0,600,0
30500,360,0,600,0
30520,359,0,600,0
30540,357,0,600,0
30560,356,0,600,0
30580,357,0,600,0
30600,357,0,600,0
30620,357,0,600,0
30640,358,0,600,0
30660,358,0,600,0
30680,359,0,600,0
30700,360,0,600,0
30720,360,0,600,0
30740,361,0,600,0
30760,362,0,600,0
30780,362,0,600,0
30800,363,0,600,0
30820,364,0,600,0
30840,365,0,600,0
30860,365,0,600,0
30880,366,0,600,0
30900,367,0,600,0
30920,367,0,600,0
30940,368,0,600,0
30960,368,0,600,0
30980,368,0,600,0
31000,368,0,600,0
31020,368,0,600,0
31040,368,0,600,0
31060,368,0,600,0
31080,368,0,600,0
31100,368,0,600,0
31120,368,0,600,0
31140,368,0,600,0
31160,367,0,600,0
31180,367,0,610,0
31200,367,0,622,0
31220,367,0,633,0
31240,366,0,645,0
31260,365,0,656,0
31280,364,0,668,0
31300,363,0,679,0
31320,362,0,691,0
31340,361,0,702,0
31360,360,0,714,0
31380,358,0,725,0
31400,357,0,737,0
31420,356,0,748,0
31440,354,0,760,0
31460,353,0,769,0
31480,351,0,774,0
31500,350,0,778,0
31520,349,0,783,0
31540,347,0,788,0
31560,346,0,793,0
31580,345,0,798,0
31600,345,0,800,0
31620,344,0,802,0
31640,343,0,805,0
31660,343,0,807,0
31680,342,0,808,0
31700,342,0,810,0
31720,341,0,811,0
31740,341,0,813,0
31760,340,0,814,0
31780,340,0,816,0
31800,340,0,817,0
31820,340,0,819,0
31840,342,0,821,0
31860,344,0,823,0
31880,346,0,824,0
31900,347,0,826,0
31920,349,0,828,0
31940,351,0,830,0
31960,354,0,831,0
31980,357,0,833,0
32000,361,0,835,0
32020,364,0,836,0
32040,368,0,838,0
32060,371,0,839,0
32080,375,0,840,0
32100,378,0,841,0
32120,382,0,842,0
32140,387,0,843,0
32160,393,0,844,0
32180,398,0,844,0
32200,403,0,845,0
32220,409,0,846,0
32240,414,0,846,0
32260,420,0,848,0
32280,425,0,849,0
32300,430,0,850,0
32320,435,0,851,0
32340,440,0,852,0
32360,445,0,853,0
32380,451,0,855,0
32400,456,0,856,0
32420,461,0,857,0
32440,466,0,858,0
32460,472,0,860,0
32480,478,0,861,0
32500,484,0,862,0
32520,491,0,864,0
32540,497,0,865,0
32560,503,0,866,0
32580,509,0,867,0
32600,515,0,869,0
32620,520,0,870,0
32640,524,0,871,0
32660,529,0,872,0
32680,533,0,870,0
32700,538,0,866,0
32720,542,0,863,0
32740,546,0,860,0
32760,549,0,856,0
32780,552,0,852,0
32800,554,0,849,0
32820,557,0,845,0
32840,559,0,844,0
32860,562,0,843,0
32880,564,0,842,0
32900,565,0,841,0
32920,567,0,842,0
32940,569,0,842,0
32960,569,0,842,0
32980,570,0,843,0
33000,571,0,843,0
33020,572,0,844,0
33040,572,0,845,0
33060,573,0,846,0
33080,573,0,846,0
33100,574,0,845,0
33120,574,0,845,0
33140,574,0,844,0
33160,575,0,844,0
33180,574,0,844,0
33200,574,0,844,0
33220,573,0,845,0
33240,573,0,845,0
33260,572,0,846,0
33280,571,0,847,0
33300,570,0,848,0
33320,570,0,849,0
33340,569,0,850,0
33360,568,0,851,0
33380,567,0,852,0
33400,567,0,853,0
33420,566,0,854,0
33440,565,0,855,0
33460,564,0,856,0
33480,562,0,856,0
33500,561,0,853,0
33520,559,0,849,0
33540,558,0,846,0
33560,557,0,841,0
33580,556,0,837,0
33600,555,0,833,0
33620,555,0,829,0
33640,554,0,825,0
33660,554,0,824,0
33680,554,0,823,0
33700,553,0,823,0
33720,553,0,822,0
33740,552,0,821,0
33760,552,0,820,0
33780,551,0,819,0
33800,552,0,818,0
33820,552,0,817,0
33840,552,0,816,0
33860,553,0,814,0
33880,553,0,812,0
33900,554,0,811,0
33920,555,0,809,0
33940,555,0,807,0
33960,555,0,805,0
33980,556,0,804,0
34000,556,0,803,0
34020,555,0,801,0
34040,554,0,800,0
34060,554,0,799,0
34080,553,0,799,0
34100,552,0,799,0
34120,551,0,798,0
34140,549,0,799,0
34160,548,0,799,0
34180,547,0,799,0
34200,546,0,800,0
34220,545,0,800,0
34240,544,0,801,0
34260,543,0,802,0
34280,541,0,803,0
34300,540,0,804,0
34320,539,0,805,0
34340,538,0,807,0
34360,536,0,808,0
34380,535,0,809,0
34400,534,0,810,0
34420,532,0,812,0
34440,530,0,813,0
34460,529,0,814,0
34480,528,0,815,0
34500,527,0,817,0
34520,527,0,818,0
34540,527,0,819,0
34560,526,0,820,0
34580,526,0,822,0
34600,526,0,823,0
34620,525,0,824,0
34640,525,0,826,0
34660,524,0,827,0
34680,524,0,828,0
34700,523,0,829,0
34720,523,0,831,0
34740,523,0,832,0
34760,522,0,833,0
34780,522,0,834,0
34800,521,0,836,0
34820,521,0,837,0
34840,520,0,838,0
34860,520,0,839,0
34880,520,0,841,0
34900,519,0,842,0
34920,519,0,843,0
34940,518,0,844,0
34960,518,0,846,0
34980,517,0,847,0
35000,517,0,848,0
35020,517,0,849,0
35040,516,0,851,0
35060,516,0,852,0
35080,515,0,853,0
35100,515,0,854,0
35120,514,0,856,0
35140,514,0,857,0
35160,513,0,858,0
35180,513,0,860,0
35200,513,0,861,0
35220,512,0,862,0
35240,512,0,863,0
35260,511,0,865,0
35280,511,0,866,0
35300,510,0,867,0
35320,510,0,868,0
35340,510,0,870,0
35360,509,0,871,0
35380,509,0,872,0
35400,400,0,600,0
35420,400,0,600,0
35440,400,0,600,0
35460,400,0,600,0
35480,400,0,600,0
35500,400,0,600,0
35520,400,0,600,0
35540,400,0,600,0
35560,400,0,600,0
35580,400,0,600,0
35600,400,0,600,0
35620,402,0,600,0
35640,404,0,600,0
35660,406,0,600,0
35680,408,0,600,0
35700,410,0,600,0
35720,407,0,600,0
35740,405,0,600,0
35760,403,0,600,0
35780,400,0,600,0
35800,398,0,600,0
35820,395,0,600,0
35840,392,0,600,0
35860,390,0,600,0
35880,387,0,600,0
35900,386,0,600,0
35920,384,0,600,0
35940,382,0,600,0
35960,380,0,600,0
35980,378,0,600,0
36000,376,0,600,0
36020,374,0,600,0
36040,374,0,600,0
36060,374,0,600,0
36080,373,0,600,0
36100,373,0,600,0
36120,373,0,600,0
36140,372,0,600,0
36160,372,0,600,0
36180,371,0,608,0
36200,371,0,617,0
36220,370,0,626,0
36240,370,0,636,0
36260,369,0,645,0
36280,369,0,654,0
36300,370,0,663,0
36320,370,0,672,0
36340,371,0,681,0
36360,372,0,691,0
36380,374,0,700,0
36400,375,0,709,0
36420,377,0,718,0
36440,379,0,727,0
36460,381,0,736,0
36480,383,0,745,0
36500,385,0,751,0
36520,386,0,756,0
36540,388,0,762,0
36560,390,0,768,0
36580,392,0,773,0
36600,394,0,779,0
36620,395,0,785,0
36640,397,0,790,0
36660,398,0,796,0
36680,400,0,802,0
36700,401,0,807,0
36720,402,0,813,0
36740,404,0,819,0
36760,405,0,825,0
36780,407,0,830,0
36800,408,0,836,0
36820,410,0,842,0
36840,412,0,847,0
36860,414,0,853,0
36880,416,0,859,0
36900,418,0,864,0
36920,420,0,870,0
36940,422,0,876,0
36960,425,0,881,0
36980,428,0,888,0
37000,431,0,894,0
37020,434,0,900,0
37040,437,0,907,0
37060,440,0,913,0
37080,442,0,919,0
37100,445,0,926,0
37120,449,0,932,0
37140,452,0,938,0
37160,456,0,941,0
37180,459,0,945,0
37200,463,0,948,0
37220,466,0,951,0
37240,470,0,954,0
37260,473,0,958,0
37280,477,0,961,0
37300,480,0,965,0
37320,484,0,970,0
37340,488,0,973,0
37360,491,0,976,0
37380,495,0,979,0
37400,499,0,983,0
37420,502,0,986,0
37440,506,0,989,0
37460,510,0,992,0
37480,513,0,995,0
37500,517,0,998,0
37520,520,0,1000,0
37540,524,0,1000,0
37560,527,0,1000,0
37580,530,0,1000,0
37600,534,0,1000,0
37620,536,0,1000,0
37640,539,0,1000,0
37660,542,0,1000,0
37680,544,0,1000,0
37700,546,0,1000,0
37720,549,0,1000,0
37740,551,0,1000,0
37760,553,0,1000,0
37780,554,0,1000,0
37800,555,0,1000,0
37820,556,0,1000,0
37840,557,0,1000,0
37860,559,0,1000,0
37880,560,0,1000,0
37900,561,0,1000,0
37920,563,0,1000,0
37940,564,0,1000,0
37960,566,0,1000,0
37980,568,0,1000,0
38000,569,0,1000,0
38020,571,0,1000,0
38040,573,0,1000,0
38060,575,0,1000,0
38080,577,0,1000,0
38100,579,0,1000,0
38120,581,0,1000,0
38140,583,0,1000,0
38160,586,0,1000,0
38180,589,0,1000,0
38200,593,0,1000,0
38220,597,0,1000,0
38240,601,0,1000,0
38260,604,0,1000,0
38280,608,0,1000,0
38300,612,0,1000,0
38320,616,0,1000,0
38340,620,0,1000,0
38360,624,0,1000,0
38380,628,0,1000,0
38400,632,0,1000,0
38420,636,0,1000,0
38440,640,0,1000,0
38460,645,0,1000,0
38480,649,0,1000,0
38500,653,0,1000,0
38520,656,0,1000,0
38540,660,0,1000,0
38560,663,0,1000,0
38580,666,0,1000,0
38600,669,0,1000,0
38620,672,0,1000,0
38640,675,0,1000,0
38660,678,0,1000,0
38680,679,0,1000,0
38700,681,0,1000,0
38720,682,0,1000,0
38740,684,0,1000,0
38760,685,0,1000,0
38780,684,0,1000,0
38800,683,0,1000,0
38820,682,0,1000,0
38840,680,0,1000,0
38860,678,0,1000,0
38880,675,0,1000,0
38900,673,0,1000,0
38920,671,0,1000,0
38940,668,0,1000,0
38960,665,0,1000,0
38980,662,0,1000,0
39000,659,0,1000,0
39020,657,0,1000,0
39040,654,0,1000,0
39060,652,0,1000,0
39080,649,0,1000,0
39100,649,0,1000,0
39120,649,0,1000,0
39140,649,0,1000,0
39160,648,0,1000,0
39180,649,0,998,0
39200,649,0,996,0
39220,649,0,994,0
39240,650,0,992,0
39260,651,0,990,0
39280,652,0,988,0
39300,653,0,987,0
39320,654,0,986,0
39340,655,0,984,0
39360,656,0,983,0
39380,657,0,981,0
39400,659,0,979,0
39420,661,0,978,0
39440,663,0,976,0
39460,665,0,974,0
39480,667,0,973,0
39500,669,0,971,0
39520,670,0,969,0
39540,672,0,967,0
39560,674,0,965,0
39580,676,0,963,0
39600,678,0,961,0
39620,680,0,959,0
39640,682,0,956,0
39660,684,0,954,0
39680,686,0,952,0
39700,688,0,950,0
39720,689,0,947,0
39740,691,0,945,0
39760,693,0,943,0
39780,695,0,940,0
39800,697,0,938,0
39820,699,0,936,0
39840,701,0,933,0
39860,703,0,931,0
39880,705,0,929,0
39900,707,0,926,0
39920,709,0,924,0
39940,710,0,922,0
39960,712,0,920,0
39980,714,0,917,0
40000,716,0,915,0
40020,718,0,913,0
40040,720,0,910,0
40060,722,0,908,0
40080,724,0,906,0
40100,726,0,903,0
40120,728,0,901,0
40140,730,0,899,0
40160,731,0,897,0
40180,733,0,894,0
40200,735,0,892,0
40220,737,0,890,0
40240,739,0,887,0
40260,741,0,885,0
40280,743,0,883,0
40300,745,0,880,0
40320,747,0,878,0
40340,749,0,876,0
40360,751,0,874,0
40380,752,0,871,0
40400,754,0,869,0
40420,756,0,867,0
40440,758,0,864,0
40460,760,0,862,0
40480,762,0,860,0
40500,764,0,857,0
40520,766,0,855,0
40540,768,0,853,0
40560,770,0,851,0
40580,772,0,848,0
40600,400,0,600,0
40620,400,0,600,0
40640,400,0,600,0
40660,400,0,600,0
40680,400,0,600,0
40700,400,0,600,0
40720,400,0,600,0
40740,400,0,600,0
40760,400,0,600,0
40780,400,0,600,0
40800,400,0,600,0
40820,400,0,600,0
40840,400,0,600,0
40860,400,0,600,0
40880,400,0,600,0
40900,400,0,600,0
40920,400,0,600,0
40940,400,0,600,0
40960,400,0,600,0
40980,400,0,600,0
41000,400,0,600,0
41020,403,0,600,0
41040,406,0,600,0
41060,409,0,600,0
41080,413,0,600,0
41100,411,0,600,0
41120,408,0,600,0
41140,406,0,600,0
41160,404,0,600,0
41180,402,0,600,0
41200,400,0,600,0
41220,398,0,600,0
41240,396,0,600,0
41260,395,0,605,0
41280,393,0,612,0
41300,391,0,618,0
41320,389,0,624,0
41340,387,0,630,0
41360,386,0,637,0
41380,385,0,643,0
41400,383,0,646,0
41420,382,0,649,0
41440,381,0,653,0
41460,381,0,655,0
41480,380,0,658,0
41500,379,0,661,0
41520,380,0,664,0
41540,381,0,667,0
41560,382,0,670,0
41580,383,0,672,0
41600,384,0,675,0
41620,385,0,677,0
41640,386,0,679,0
41660,387,0,682,0
41680,388,0,684,0
41700,389,0,687,0
41720,389,0,689,0
41740,390,0,691,0
41760,391,0,694,0
41780,394,0,696,0
41800,397,0,698,0
41820,400,0,699,0
41840,404,0,699,0
41860,407,0,699,0
41880,411,0,699,0
41900,414,0,700,0
41920,418,0,700,0
41940,422,0,700,0
41960,426,0,700,0
41980,430,0,700,0
42000,435,0,701,0
42020,439,0,701,0
42040,444,0,701,0
42060,448,0,701,0
42080,452,0,701,0
42100,457,0,702,0
42120,462,0,702,0
42140,466,0,702,0
42160,471,0,702,0
42180,475,0,702,0
42200,480,0,703,0
42220,484,0,705,0
42240,487,0,709,0
42260,490,0,713,0
42280,492,0,717,0
42300,495,0,721,0
42320,497,0,725,0
42340,500,0,729,0
42360,502,0,732,0
42380,505,0,735,0
42400,507,0,737,0
42420,508,0,739,0
42440,510,0,741,0
42460,512,0,742,0
42480,514,0,744,0
42500,516,0,746,0
42520,517,0,748,0
42540,519,0,749,0
42560,520,0,750,0
42580,521,0,751,0
42600,523,0,753,0
42620,524,0,754,0
42640,525,0,756,0
42660,526,0,757,0
42680,528,0,759,0
42700,529,0,761,0
42720,530,0,762,0
42740,531,0,764,0
42760,533,0,765,0
42780,534,0,767,0
42800,536,0,768,0
42820,537,0,770,0
42840,539,0,772,0
42860,540,0,775,0
42880,542,0,779,0
42900,544,0,783,0
42920,545,0,787,0
42940,547,0,790,0
42960,548,0,794,0
42980,550,0,797,0
43000,552,0,801,0
43020,553,0,804,0
43040,555,0,805,0
43060,556,0,807,0
43080,558,0,809,0
43100,560,0,811,0
43120,561,0,813,0
43140,562,0,815,0
43160,563,0,817,0
43180,565,0,819,0
43200,566,0,821,0
43220,566,0,823,0
43240,567,0,824,0
43260,568,0,826,0
43280,568,0,828,0
43300,569,0,830,0
43320,569,0,832,0
43340,570,0,834,0
43360,570,0,838,0
43380,571,0,842,0
43400,572,0,846,0
43420,572,0,850,0
43440,573,0,853,0
43460,573,0,857,0
43480,573,0,860,0
43500,574,0,862,0
43520,573,0,863,0
43540,573,0,864,0
43560,572,0,865,0
43580,571,0,865,0
43600,571,0,866,0
43620,570,0,867,0
43640,569,0,867,0
43660,568,0,868,0
43680,568,0,869,0
43700,568,0,871,0
43720,567,0,872,0
43740,567,0,874,0
43760,567,0,876,0
43780,566,0,878,0
43800,565,0,879,0
43820,565,0,881,0
43840,564,0,883,0
43860,563,0,885,0
43880,562,0,887,0
43900,562,0,889,0
43920,561,0,891,0
43940,561,0,892,0
43960,561,0,892,0
43980,561,0,891,0
44000,562,0,891,0
44020,562,0,891,0
44040,562,0,890,0
44060,562,0,890,0
44080,563,0,889,0
44100,563,0,887,0
44120,563,0,886,0
44140,563,0,885,0
44160,562,0,884,0
44180,562,0,883,0
44200,562,0,882,0
44220,562,0,881,0
44240,562,0,879,0
44260,562,0,878,0
44280,562,0,876,0
44300,561,0,875,0
44320,561,0,873,0
44340,561,0,872,0
44360,560,0,870,0
44380,560,0,869,0
44400,560,0,867,0
44420,559,0,865,0
44440,558,0,863,0
44460,556,0,861,0
44480,555,0,859,0
44500,553,0,857,0
44520,552,0,855,0
44540,551,0,853,0
44560,549,0,853,0
44580,548,0,852,0
44600,546,0,851,0
44620,545,0,851,0
44640,543,0,850,0
44660,542,0,850,0
44680,541,0,849,0
44700,539,0,848,0
44720,537,0,848,0
44740,534,0,848,0
44760,532,0,847,0
44780,530,0,847,0
44800,528,0,847,0
44820,525,0,847,0
44840,523,0,847,0
44860,523,0,847,0
44880,522,0,847,0
44900,521,0,847,0
44920,521,0,846,0
44940,520,0,846,0
44960,520,0,845,0
44980,520,0,844,0
45000,521,0,843,0
45020,523,0,842,0
45040,524,0,841,0
45060,524,0,841,0
45080,525,0,841,0
45100,525,0,841,0
45120,525,0,841,0
45140,525,0,841,0
45160,525,0,841,0
45180,525,0,841,0
45200,525,0,840,0
45220,525,0,840,0
45240,526,0,840,0
45260,526,0,840,0
45280,526,0,840,0
45300,526,0,840,0
45320,526,0,840,0
45340,526,0,840,0
45360,526,0,840,0
45380,526,0,840,0
45400,527,0,840,0
45420,527,0,840,0
45440,527,0,840,0
45460,527,0,840,0
45480,527,0,840,0
45500,527,0,840,0
45520,527,0,840,0
45540,527,0,840,0
45560,528,0,840,0
45580,528,0,840,0
45600,525,0,840,0
45620,521,0,840,0
45640,518,0,840,0
45660,515,0,839,0
45680,512,0,839,0
45700,509,0,839,0
45720,505,0,839,0
45740,502,0,839,0
45760,499,0,839,0
45780,496,0,839,0
45800,493,0,839,0
45820,489,0,839,0
45840,486,0,839,0
45860,483,0,839,0
45880,480,0,839,0
45900,477,0,839,0
45920,477,0,839,0
45940,477,0,839,0
45960,477,0,839,0
45980,477,0,839,0
46000,400,0,600,0
46020,400,0,600,0
46040,400,0,600,0
46060,400,0,600,0
46080,400,0,600,0
46100,400,0,600,0
46120,400,0,600,0
46140,399,0,600,0
46160,399,0,600,0
46180,399,0,600,0
46200,399,0,600,0
46220,398,0,600,0
46240,398,0,600,0
46260,398,0,600,0
46280,398,0,600,0
46300,400,0,600,0
46320,403,0,600,0
46340,405,0,600,0
46360,408,0,600,0
46380,411,0,600,0
46400,412,0,600,0
46420,410,0,600,0
46440,408,0,600,0
46460,407,0,600,0
46480,405,0,600,0
46500,403,0,600,0
46520,401,0,600,0
46540,399,0,600,0
46560,397,0,600,0
46580,395,0,600,0
46600,393,0,600,0
46620,391,0,600,0
46640,389,0,600,0
46660,386,0,600,0
46680,383,0,600,0
46700,380,0,600,0
46720,376,0,600,0
46740,373,0,600,0
46760,371,0,600,0
46780,369,0,600,0
46800,367,0,600,0
46820,365,0,600,0
46840,364,0,600,0
46860,363,0,600,0
46880,362,0,603,0
46900,361,0,611,0
46920,362,0,619,0
46940,363,0,628,0
46960,364,0,636,0
46980,365,0,644,0
47000,366,0,653,0
47020,368,0,661,0
47040,370,0,669,0
47060,372,0,677,0
47080,374,0,686,0
47100,377,0,694,0
47120,379,0,702,0
47140,381,0,711,0
47160,383,0,719,0
47180,386,0,727,0
47200,389,0,735,0
47220,392,0,740,0
47240,395,0,746,0
47260,399,0,751,0
47280,402,0,756,0
47300,405,0,762,0
47320,408,0,767,0
47340,412,0,772,0
47360,415,0,778,0
47380,419,0,783,0
47400,423,0,788,0
47420,427,0,794,0
47440,431,0,799,0
47460,435,0,804,0
47480,439,0,810,0
47500,442,0,816,0
47520,446,0,823,0
47540,450,0,830,0
47560,454,0,838,0
47580,458,0,845,0
47600,462,0,850,0
47620,466,0,854,0
47640,470,0,859,0
47660,474,0,864,0
47680,478,0,868,0
47700,482,0,873,0
47720,486,0,878,0
47740,490,0,882,0
47760,494,0,887,0
47780,498,0,891,0
47800,501,0,896,0
47820,505,0,901,0
47840,509,0,904,0
47860,516,0,907,0
47880,524,0,911,0
47900,531,0,915,0
47920,538,0,919,0
47940,546,0,922,0
47960,553,0,926,0
47980,560,0,930,0
48000,566,0,932,0
48020,570,0,934,0
48040,574,0,936,0
48060,578,0,938,0
48080,582,0,940,0
48100,586,0,942,0
48120,591,0,944,0
48140,595,0,946,0
48160,599,0,948,0
48180,604,0,950,0
48200,609,0,952,0
48220,613,0,954,0
48240,618,0,955,0
48260,623,0,956,0
48280,627,0,958,0
48300,632,0,959,0
48320,635,0,959,0
48340,639,0,959,0
48360,642,0,959,0
48380,645,0,959,0
48400,648,0,960,0
48420,651,0,960,0
48440,654,0,960,0
48460,657,0,960,0
48480,660,0,960,0
48500,663,0,960,0
48520,666,0,960,0
48540,669,0,961,0
48560,672,0,961,0
48580,675,0,960,0
48600,678,0,960,0
48620,681,0,960,0
48640,684,0,960,0
48660,687,0,961,0
48680,690,0,961,0
48700,693,0,962,0
48720,696,0,962,0
48740,699,0,963,0
48760,701,0,963,0
48780,702,0,964,0
48800,704,0,964,0
48820,706,0,965,0
48840,707,0,965,0
48860,706,0,966,0
48880,706,0,966,0
48900,705,0,963,0
48920,703,0,960,0
48940,702,0,957,0
48960,700,0,953,0
48980,698,0,949,0
49000,697,0,945,0
49020,694,0,941,0
49040,692,0,937,0
49060,689,0,934,0
49080,686,0,932,0
49100,683,0,929,0
49120,680,0,927,0
49140,677,0,925,0
49160,674,0,924,0
49180,670,0,922,0
49200,666,0,920,0
49220,662,0,918,0
49240,658,0,917,0
49260,654,0,915,0
49280,650,0,913,0
49300,647,0,911,0
49320,643,0,909,0
49340,639,0,907,0
49360,635,0,905,0
49380,631,0,903,0
49400,627,0,901,0
49420,623,0,898,0
49440,619,0,896,0
49460,615,0,894,0
49480,611,0,892,0
49500,606,0,890,0
49520,601,0,888,0
49540,597,0,886,0
49560,592,0,884,0
49580,587,0,882,0
49600,583,0,880,0
49620,578,0,878,0
49640,573,0,876,0
49660,568,0,873,0
49680,563,0,871,0
49700,557,0,869,0
49720,552,0,867,0
49740,547,0,865,0
49760,542,0,863,0
49780,537,0,861,0
49800,533,0,859,0
49820,529,0,857,0
49840,525,0,855,0
49860,521,0,853,0
49880,517,0,845,0
49900,513,0,837,0
49920,509,0,829,0
49940,505,0,821,0
49960,501,0,812,0
49980,497,0,804,0
50000,493,0,796,0
50020,490,0,788,0
50040,486,0,780,0
50060,482,0,772,0
50080,480,0,764,0
50100,477,0,756,0
50120,474,0,748,0
50140,472,0,740,0
50160,469,0,732,0
50180,466,0,724,0
50200,464,0,716,0
50220,463,0,708,0
50240,462,0,700,0
50260,460,0,692,0
50280,458,0,684,0
50300,456,0,676,0
50320,455,0,668,0
50340,453,0,660,0
50360,451,0,652,0
50380,449,0,644,0
50400,447,0,636,0
50420,446,0,628,0
50440,444,0,620,0
50460,442,0,612,0
50480,440,0,604,0
50500,438,0,596,0
50520,436,0,588,0
50540,435,0,580,0
50560,433,0,572,0
50580,431,0,564,0
50600,429,0,556,0
50620,427,0,548,0
50640,426,0,540,0
50660,424,0,532,0
50680,422,0,524,0
50700,420,0,516,0
50720,418,0,508,0
50740,416,0,500,0
50760,415,0,492,0
50780,413,0,484,0
50800,411,0,475,0
50820,409,0,467,0
50840,407,0,459,0
50860,405,0,451,0
50880,404,0,443,0
50900,402,0,435,0
50920,400,0,427,0
50940,398,0,419,0
50960,396,0,411,0
50980,395,0,403,0
51000,393,0,395,0
51020,391,0,387,0
51040,389,0,379,0
51060,387,0,371,0
51080,385,0,363,0
51100,384,0,355,0
51120,382,0,347,0
51140,380,0,339,0
51160,378,0,331,0
51180,376,0,323,0
51200,375,0,315,0
51220,373,0,307,0
51240,371,0,299,0
51260,369,0,291,0
51280,367,0,283,0
51300,365,0,275,0
51320,364,0,267,0
51340,362,0,259,0
51360,360,0,251,0
51380,358,0,243,0
51400,400,0,600,0
51420,400,0,600,0
51440,400,0,600,0
51460,400,0,600,0
51480,400,0,600,0
51500,400,0,600,0
51520,400,0,600,0
51540,400,0,600,0
51560,400,0,600,0
51580,400,0,600,0
51600,400,0,600,0
51620,400,0,600,0
51640,400,0,600,0
51660,400,0,600,0
51680,400,0,599,0
51700,396,0,599,0
51720,392,0,598,0
51740,388,0,597,0
51760,385,0,598,0
51780,381,0,600,0
51800,377,0,601,0
51820,373,0,603,0
51840,369,0,604,0
51860,365,0,605,0
51880,360,0,607,0
51900,356,0,609,0
51920,352,0,611,0
51940,348,0,613,0
51960,343,0,614,0
51980,340,0,616,0
52000,337,0,617,0
52020,334,0,618,0
52040,332,0,618,0
52060,329,0,617,0
52080,326,0,617,0
52100,323,0,617,0
52120,321,0,617,0
52140,319,0,618,0
52160,318,0,619,0
52180,316,0,619,0
52200,314,0,620,0
52220,314,0,620,0
52240,313,0,621,0
52260,313,0,621,0
52280,313,0,622,0
52300,313,0,622,0
52320,314,0,623,0
52340,314,0,624,0
52360,315,0,624,0
52380,316,0,625,0
52400,318,0,629,0
52420,320,0,634,0
52440,322,0,639,0
52460,325,0,644,0
52480,327,0,649,0
52500,329,0,654,0
52520,332,0,658,0
52540,334,0,663,0
52560,337,0,668,0
52580,340,0,672,0
52600,343,0,677,0
52620,347,0,680,0
52640,350,0,683,0
52660,353,0,686,0
52680,356,0,689,0
52700,359,0,692,0
52720,362,0,695,0
52740,365,0,699,0
52760,368,0,702,0
52780,372,0,705,0
52800,375,0,709,0
52820,378,0,712,0
52840,381,0,715,0
52860,384,0,719,0
52880,388,0,722,0
52900,392,0,725,0
52920,396,0,729,0
52940,400,0,732,0
52960,404,0,736,0
52980,408,0,741,0
53000,412,0,746,0
53020,416,0,751,0
53040,420,0,755,0
53060,424,0,760,0
53080,428,0,765,0
53100,433,0,770,0
53120,437,0,775,0
53140,441,0,780,0
53160,446,0,785,0
53180,450,0,790,0
53200,455,0,795,0
53220,459,0,799,0
53240,464,0,803,0
53260,468,0,807,0
53280,472,0,811,0
53300,477,0,815,0
53320,481,0,820,0
53340,486,0,820,0
53360,490,0,822,0
53380,494,0,824,0
53400,498,0,826,0
53420,501,0,828,0
53440,505,0,830,0
53460,509,0,832,0
53480,513,0,834,0
53500,517,0,836,0
53520,521,0,837,0
53540,525,0,839,0
53560,528,0,841,0
53580,532,0,843,0
53600,536,0,844,0
53620,540,0,846,0
53640,544,0,848,0
53660,548,0,850,0
53680,551,0,851,0
53700,555,0,853,0
53720,559,0,855,0
53740,563,0,857,0
53760,566,0,858,0
53780,570,0,860,0
53800,574,0,862,0
53820,577,0,864,0
53840,581,0,865,0
53860,584,0,867,0
53880,588,0,869,0
53900,592,0,871,0
53920,596,0,872,0
53940,600,0,874,0
53960,604,0,876,0
53980,608,0,877,0
54000,612,0,879,0
54020,616,0,881,0
54040,620,0,883,0
54060,625,0,884,0
54080,629,0,886,0
54100,633,0,888,0
54120,637,0,890,0
54140,641,0,896,0
54160,645,0,903,0
54180,649,0,909,0
54200,653,0,916,0
54220,656,0,922,0
54240,660,0,929,0
54260,664,0,935,0
54280,667,0,941,0
54300,671,0,947,0
54320,675,0,953,0
54340,678,0,959,0
54360,682,0,965,0
54380,685,0,972,0
54400,689,0,978,0
54420,692,0,984,0
54440,696,0,990,0
54460,700,0,996,0
54480,703,0,1000,0
54500,707,0,1000,0
54520,710,0,1000,0
54540,713,0,1000,0
54560,716,0,1000,0
54580,719,0,1000,0
54600,723,0,1000,0
54620,726,0,1000,0
54640,729,0,1000,0
54660,732,0,1000,0
54680,736,0,1000,0
54700,739,0,1000,0
54720,743,0,1000,0
54740,746,0,1000,0
54760,750,0,1000,0
54780,753,0,1000,0
54800,757,0,1000,0
54820,760,0,1000,0
54840,764,0,1000,0
54860,768,0,1000,0
54880,772,0,1000,0
54900,776,0,1000,0
54920,780,0,1000,0
54940,784,0,1000,0
54960,788,0,1000,0
54980,792,0,1000,0
55000,796,0,1000,0
55020,800,0,1000,0
55040,804,0,1000,0
55060,808,0,1000,0
55080,812,0,1000,0
55100,816,0,1000,0
55120,820,0,1000,0
55140,825,0,1000,0
55160,829,0,1000,0
55180,833,0,1000,0
55200,837,0,1000,0
55220,841,0,1000,0
55240,845,0,1000,0
55260,849,0,1000,0
55280,853,0,1000,0
55300,857,0,1000,0
55320,861,0,1000,0
55340,865,0,1000,0
55360,869,0,1000,0
55380,873,0,1000,0
55400,877,0,1000,0
55420,881,0,1000,0
55440,885,0,1000,0
55460,889,0,1000,0
55480,893,0,1000,0
55500,897,0,1000,0
55520,901,0,1000,0
55540,905,0,1000,0
55560,909,0,1000,0
55580,913,0,1000,0
55600,917,0,1000,0
55620,921,0,1000,0
55640,925,0,1000,0
55660,929,0,1000,0
55680,933,0,1000,0
55700,937,0,1000,0
55720,941,0,1000,0
55740,945,0,1000,0
55760,949,0,1000,0
55780,953,0,1000,0
55800,957,0,1000,0
55820,961,0,1000,0
55840,965,0,1000,0
55860,969,0,1000,0
55880,973,0,1000,0
55900,977,0,1000,0
55920,981,0,1000,0
55940,985,0,1000,0
55960,989,0,1000,0
55980,993,0,1000,0
56000,997,0,1000,0
56020,1000,0,1000,0
56040,1000,0,1000,0
56060,1000,0,1000,0
56080,1000,0,1000,0
56100,1000,0,1000,0
56120,1000,0,1000,0
56140,1000,0,1000,0
56160,1000,0,1000,0
56180,1000,0,1000,0
56200,1000,0,1000,0
56220,1000,0,1000,0
56240,1000,0,1000,0
56260,1000,0,1000,0
56280,1000,0,1000,0
56300,1000,0,1000,0
56320,1000,0,1000,0
56340,1000,0,1000,0
56360,1000,0,1000,0
56380,999,0,1000,0
56400,999,0,1000,0
56420,999,0,1000,0
56440,998,0,1000,0
56460,998,0,1000,0
56480,998,0,1000,0
56500,998,0,1000,0
56520,998,0,1000,0
56540,998,0,1000,0
56560,998,0,1000,0
56580,998,0,1000,0
56600,998,0,1000,0
56620,998,0,1000,0
56640,998,0,1000,0
56660,998,0,1000,0
56680,998,0,1000,0
56700,998,0,1000,0
56720,998,0,1000,0
56740,998,0,1000,0
56760,998,0,1000,0
56780,998,0,1000,0
56800,998,0,1000,0
56820,998,0,1000,0
56840,998,0,1000,0
56860,998,0,1000,0
56880,998,0,1000,0
56900,998,0,1000,0
56920,998,0,1000,0
56940,998,0,1000,0
56960,998,0,1000,0
56980,998,0,1000,0
57000,400,0,600,0
57020,400,0,600,0
57040,400,0,600,0
57060,400,0,600,0
57080,400,0,600,0
57100,400,0,600,0
57120,400,0,600,0
57140,400,0,600,0
57160,400,0,600,0
57180,400,0,600,0
57200,400,0,600,0
57220,400,0,600,0
57240,400,0,600,0
57260,400,0,600,0
57280,400,0,600,0
57300,400,0,600,0
57320,400,0,600,0
57340,400,0,600,0
57360,400,0,600,0
57380,400,0,600,0
57400,400,0,600,0
57420,400,0,600,0
57440,401,0,600,0
57460,401,0,600,0
57480,401,0,600,0
57500,399,0,600,0
57520,397,0,604,0
57540,395,0,608,0
57560,393,0,612,0
57580,392,0,617,0
57600,392,0,621,0
57620,391,0,625,0
57640,390,0,630,0
57660,390,0,634,0
57680,389,0,640,0
57700,389,0,645,0
57720,388,0,651,0
57740,389,0,656,0
57760,390,0,659,0
57780,391,0,661,0
57800,392,0,663,0
57820,393,0,666,0
57840,394,0,668,0
57860,396,0,670,0
57880,398,0,673,0
57900,401,0,675,0
57920,404,0,677,0
57940,407,0,680,0
57960,409,0,682,0
57980,412,0,684,0
58000,415,0,687,0
58020,418,0,689,0
58040,421,0,692,0
58060,425,0,696,0
58080,428,0,699,0
58100,432,0,702,0
58120,435,0,705,0
58140,439,0,708,0
58160,442,0,711,0
58180,446,0,714,0
58200,449,0,716,0
58220,453,0,716,0
58240,457,0,715,0
58260,461,0,716,0
58280,465,0,717,0
58300,468,0,718,0
58320,472,0,719,0
58340,476,0,720,0
58360,480,0,721,0
58380,483,0,723,0
58400,487,0,725,0
58420,491,0,727,0
58440,495,0,730,0
58460,499,0,732,0
58480,502,0,734,0
58500,506,0,737,0
58520,510,0,739,0
58540,514,0,740,0
58560,517,0,742,0
58580,521,0,743,0
58600,525,0,744,0
58620,529,0,745,0
58640,533,0,746,0
58660,536,0,747,0
58680,540,0,748,0
58700,544,0,748,0
58720,548,0,749,0
58740,552,0,752,0
58760,555,0,754,0
58780,559,0,756,0
58800,563,0,758,0
58820,567,0,761,0
58840,570,0,763,0
58860,578,0,766,0
58880,585,0,768,0
58900,593,0,770,0
58920,600,0,772,0
58940,608,0,774,0
58960,615,0,775,0
58980,622,0,777,0
59000,630,0,778,0
59020,635,0,780,0
59040,637,0,781,0
59060,639,0,783,0
59080,641,0,784,0
59100,643,0,785,0
59120,645,0,786,0
59140,647,0,787,0
59160,649,0,787,0
59180,650,0,788,0
59200,651,0,789,0
59220,652,0,790,0
59240,652,0,791,0
59260,653,0,791,0
59280,653,0,792,0
59300,653,0,793,0
59320,653,0,794,0
59340,652,0,795,0
59360,651,0,796,0
59380,651,0,797,0
59400,650,0,798,0
59420,649,0,799,0
59440,648,0,800,0
59460,647,0,801,0
59480,647,0,802,0
59500,646,0,803,0
59520,645,0,804,0
59540,644,0,805,0
59560,644,0,809,0
59580,642,0,814,0
59600,640,0,819,0
59620,637,0,824,0
59640,634,0,829,0
59660,632,0,834,0
59680,629,0,838,0
59700,626,0,843,0
59720,623,0,844,0
59740,621,0,845,0
59760,619,0,846,0
59780,617,0,847,0
59800,615,0,848,0
59820,613,0,849,0
59840,612,0,850,0
59860,610,0,850,0
59880,609,0,850,0
59900,607,0,850,0
59920,606,0,850,0
59940,605,0,851,0
59960,604,0,851,0
59980,603,0,851,0
60000,601,0,851,0
